 30 RECORDS in this file.
#
1|    1 |    0 |  101 |SO2 MASS MIXING RATIO  AFTER TSTEP  |
2|    2 |    0 |    1 |    1 |    2 |    1 |    2 |    0 |    0 |    0 |    0 |
3| 000000000000000000000100000000 | 00000000000000000001 |    1 |
4|    1 |    0 | -99  -99  -99  -99  -99  -99  -99  -99  -99  -99 |
5|    0 | 1374 |    0 |   65 |    0 |    0 |    0 | 9999 |    0 |
#
1|    1 |    0 |  102 |DIMETHYL SULPHIDE MIX RAT AFTER TS  |
2|    2 |    0 |    1 |    1 |    2 |    1 |    2 |    0 |    0 |    0 |    0 |
3| 000000000000000000000500000000 | 00000000000000000001 |    1 |
4|    1 |    0 | -99  -99  -99  -99  -99  -99  -99  -99  -99  -99 |
5|    0 | 1373 |    0 |   65 |    0 |    0 |    0 | 9999 |    0 |
#
1|    1 |    0 |  103 |SO4 AITKEN MODE AEROSOL AFTER TSTEP |
2|    2 |    0 |    1 |    1 |    2 |    1 |    2 |    0 |    0 |    0 |    0 |
3| 000000000000000000000100000000 | 00000000000000000001 |    1 |
4|    1 |    0 | -99  -99  -99  -99  -99  -99  -99  -99  -99  -99 |
5|    0 | 1370 |    0 |   65 |    0 |    0 |    0 | 9999 |    0 |
#
1|    1 |    0 |  104 |SO4 ACCUM. MODE AEROSOL AFTER TSTEP |
2|    2 |    0 |    1 |    1 |    2 |    1 |    2 |    0 |    0 |    0 |    0 |
3| 000000000000000000000100000000 | 00000000000000000001 |    1 |
4|    1 |    0 | -99  -99  -99  -99  -99  -99  -99  -99  -99  -99 |
5|    0 | 1371 |    0 |   65 |    0 |    0 |    0 | 9999 |    0 |
#
1|    1 |    0 |  105 |SO4 DISSOLVED AEROSOL AFTER TSTEP   |
2|    2 |    0 |    1 |    1 |    2 |    1 |    2 |    0 |    0 |    0 |    0 |
3| 000000000000000000000100000000 | 00000000000000000001 |    1 |
4|    1 |    0 | -99  -99  -99  -99  -99  -99  -99  -99  -99  -99 |
5|    0 | 1372 |    0 |   65 |    0 |    0 |    0 | 9999 |    0 |
#
1|    1 |    0 |  106 |H2O2 MASS MIXING RATIO AFTER TSTEP  |
2|    2 |    0 |    1 |    1 |    2 |    1 |    2 |    0 |    0 |    0 |    0 |
3| 000000000000000000000100000000 | 00000000000000000001 |    1 |
4|    1 |    0 | -99  -99  -99  -99  -99  -99  -99  -99  -99  -99 |
5|    0 |  581 |    0 |   65 |    0 |    0 |    0 | 9999 |    0 |
#
1|    1 |    0 |  107 |NH3 MASS MIXING RATIO  AFTER TSTEP  |
2|    2 |    0 |    1 |    1 |    2 |    1 |    2 |    0 |    0 |    0 |    0 |
3| 000000000000000000000800000000 | 00000000000000000001 |    1 |
4|    1 |    0 | -99  -99  -99  -99  -99  -99  -99  -99  -99  -99 |
5|    0 | 1379 |    0 |   65 |    0 |    0 |    0 | 9999 |    0 |
#
1|    1 |    0 |  108 |FRESH SOOT MASS MIX RAT AFTER TSTEP |
2|    2 |    0 |    1 |    1 |    2 |    1 |    2 |    0 |    0 |    0 |    0 |
3| 000000000000000000002100000000 | 00000000000000000001 |    1 |
4|    1 |    0 | -99  -99  -99  -99  -99  -99  -99  -99  -99  -99 |
5|    0 | 1491 |    0 |   65 |    0 |    0 |    0 | 9999 |    0 |
#
1|    1 |    0 |  109 |AGED SOOT MASS MIX RAT  AFTER TSTEP |
2|    2 |    0 |    1 |    1 |    2 |    1 |    2 |    0 |    0 |    0 |    0 |
3| 000000000000000000002100000000 | 00000000000000000001 |    1 |
4|    1 |    0 | -99  -99  -99  -99  -99  -99  -99  -99  -99  -99 |
5|    0 | 1492 |    0 |   65 |    0 |    0 |    0 | 9999 |    0 |
#
1|    1 |    0 |  110 |CLOUD SOOT MASS MIX RAT AFTER TSTEP |
2|    2 |    0 |    1 |    1 |    2 |    1 |    2 |    0 |    0 |    0 |    0 |
3| 000000000000000000002100000000 | 00000000000000000001 |    1 |
4|    1 |    0 | -99  -99  -99  -99  -99  -99  -99  -99  -99  -99 |
5|    0 | 1493 |    0 |   65 |    0 |    0 |    0 | 9999 |    0 |
#
1|    1 |    0 |  111 |FRESH BIOMASS SMOKE     AFTER TSTEP |
2|    2 |    0 |    1 |    1 |    2 |    1 |    2 |    0 |    0 |    0 |    0 |
3| 000000000000000000002400000000 | 00000000000000000001 |    1 |
4|    1 |    0 | -99  -99  -99  -99  -99  -99  -99  -99  -99  -99 |
5|    0 | 1683 |    0 |   65 |    0 |    0 |    0 | 9999 |    0 |
#
1|    1 |    0 |  112 |AGED BIOMASS SMOKE      AFTER TSTEP |
2|    2 |    0 |    1 |    1 |    2 |    1 |    2 |    0 |    0 |    0 |    0 |
3| 000000000000000000002400000000 | 00000000000000000001 |    1 |
4|    1 |    0 | -99  -99  -99  -99  -99  -99  -99  -99  -99  -99 |
5|    0 | 1684 |    0 |   65 |    0 |    0 |    0 | 9999 |    0 |
#
1|    1 |    0 |  113 |CLOUD BIOMASS SMOKE     AFTER TSTEP |
2|    2 |    0 |    1 |    1 |    2 |    1 |    2 |    0 |    0 |    0 |    0 |
3| 000000000000000000002400000000 | 00000000000000000001 |    1 |
4|    1 |    0 | -99  -99  -99  -99  -99  -99  -99  -99  -99  -99 |
5|    0 | 1685 |    0 |   65 |    0 |    0 |    0 | 9999 |    0 |
#
1|    1 |    0 |  114 |FRESH OCFF MASS MIX RAT AFTER TSTEP |
2|    2 |    0 |    1 |    1 |    2 |    1 |    2 |    0 |    0 |    0 |    0 |
3| 000000000000000000003500000000 | 00000000000000000001 |    1 |
4|    1 |    0 | -99  -99  -99  -99  -99  -99  -99  -99  -99  -99 |
5|    0 | 1491 |    0 |   65 |    0 |    0 |    0 | 9999 |    0 |
#
1|    1 |    0 |  115 | AGED OCFF MASS MIX RAT AFTER TSTEP |
2|    2 |    0 |    1 |    1 |    2 |    1 |    2 |    0 |    0 |    0 |    0 |
3| 000000000000000000003500000000 | 00000000000000000001 |    1 |
4|    1 |    0 | -99  -99  -99  -99  -99  -99  -99  -99  -99  -99 |
5|    0 | 1491 |    0 |   65 |    0 |    0 |    0 | 9999 |    0 |
#
1|    1 |    0 |  116 |CLOUD OCFF MASS MIX RAT AFTER TSTEP |
2|    2 |    0 |    1 |    1 |    2 |    1 |    2 |    0 |    0 |    0 |    0 |
3| 000000000000000000003500000000 | 00000000000000000001 |    1 |
4|    1 |    0 | -99  -99  -99  -99  -99  -99  -99  -99  -99  -99 |
5|    0 | 1491 |    0 |   65 |    0 |    0 |    0 | 9999 |    0 |
#
1|    1 |    0 |  214 |UNFROZEN SOIL MOISTURE FRAC AFTER TS|
2|    3 |    0 |    1 |   21 |    6 |    8 |   34 |    0 |    0 |    0 |    0 |
3| 000000000000000000000000000300 | 00000000000000000001 |    3 |
4|    1 |  122 | -99  -99  -99  -99  -99  -99  -99  -99  -99  -99 |
5|    0 | 1385 |    0 |    6 |    0 |    0 |    0 |    0 |    0 |
#
1|    1 |    0 |  215 |FROZEN SOIL MOISTURE FRAC AFTER TS  |
2|    3 |    0 |    1 |   21 |    6 |    8 |   34 |    0 |    0 |    0 |    0 |
3| 000000000000000000000000000300 | 00000000000000000001 |    3 |
4|    1 |  122 | -99  -99  -99  -99  -99  -99  -99  -99  -99  -99 |
5|    0 | 1386 |    0 |    6 |    0 |    0 |    0 |    0 |    0 |
#
1|    1 |    0 |  225 |ACCUMULATED LEAF TURNOVER RATE PFTS |
2|    3 |    0 |    1 |   21 |    5 |   -1 |   -1 |    9 |    1 |    8 |    0 |
3| 000000000000000000020000000000 | 00000000000000000001 |    3 |
4|    1 |  122 | -99  -99  -99  -99  -99  -99  -99  -99  -99  -99 |
5|    0 | 1500 |    0 |  129 |    0 |    0 |    0 | 9999 |    0 |
#
1|    1 |    0 |  229 |CANOPY WATER ON TILES  KG/M2        |
2|    3 |    0 |    1 |   21 |    5 |   -1 |   -1 |    9 |    1 |    9 |    0 |
3| 000000000000000000020000000000 | 00000000000000000001 |    3 |
4|    1 |  122 | -99  -99  -99  -99  -99  -99  -99  -99  -99  -99 |
5|    0 | 1504 |    0 |  129 |    0 |    0 |    0 |    0 |    0 |
#
1|    1 |    0 |  230 |CANOPY CAPACITY ON TILES  KG/M2     |
2|    3 |    0 |    1 |   21 |    5 |   -1 |   -1 |    9 |    1 |    9 |    0 |
3| 000000000000000000020000000000 | 00000000000000000001 |    3 |
4|    1 |  122 | -99  -99  -99  -99  -99  -99  -99  -99  -99  -99 |
5|    0 | 1505 |    0 |  129 |    0 |    0 |    0 |    0 |    0 |
#
1|    1 |    0 |  233 |SURFACE TEMPERATURE ON TILES       K|
2|    3 |    0 |    1 |   21 |    5 |   -1 |   -1 |    9 |    1 |    9 |    0 |
3| 000000000000000000020000000000 | 00000000000000000001 |    3 |
4|    1 |  122 | -99  -99  -99  -99  -99  -99  -99  -99  -99  -99 |
5|    0 | 1510 |    0 |  129 |    0 |    0 |    0 | 9999 |    0 |
#
1|    1 |    0 |  234 |ROUGHNESS LENGTH ON TILES          M|
2|    3 |    0 |    1 |   21 |    5 |   -1 |   -1 |    9 |    1 |    9 |    0 |
3| 000000000000000000020000000000 | 00000000000000000001 |    3 |
4|    1 |  122 | -99  -99  -99  -99  -99  -99  -99  -99  -99  -99 |
5|    0 | 1511 |    0 |  129 |    0 |    0 |    0 | 9999 |    0 |
#
1|    1 |    0 |  236 |TILE MODIFIED INFILTRATION RATE     |
2|    3 |    0 |    1 |   21 |    5 |   -1 |   -1 |    9 |    1 |    9 |    0 |
3| 000000000000000000020000000000 | 00000000000000000001 |    3 |
4|    1 |  122 | -99  -99  -99  -99  -99  -99  -99  -99  -99  -99 |
5|    0 | 1579 |    0 |  129 |    0 |    0 |    0 | 9999 |    0 |
#
1|    1 |    0 |  237 |DOWNWARD SW RADIATION ON TILES  W/M2|
2|    3 |    0 |    3 |   21 |    5 |   -1 |   -1 |    9 |    1 |    9 |    0 |
3| 000000000000000000020000000000 | 00000000000000000001 |    3 |
4|    1 |  122 | -99  -99  -99  -99  -99  -99  -99  -99  -99  -99 |
5|    0 | 1580 |    0 |  129 |    0 |    0 |    0 | 9999 |    0 |
#
1|    1 |    0 |  241 |CANOPY SNOW CAPACITY           KG/M2|
2|    3 |    0 |    1 |   21 |    5 |   -1 |   -1 |    9 |    1 |    9 |    0 |
3| 000000000010000000020000000000 | 00000000000000000001 |    3 |
4|    1 |  122 | -99  -99  -99  -99  -99  -99  -99  -99  -99  -99 |
5|    0 |   93 |    0 |  275 |    0 |    0 |    0 |    0 |    0 |
#
1|    1 |    0 |  242 |SNOW BENEATH CANOPY            KG/M2|
2|    3 |    0 |    1 |   21 |    5 |   -1 |   -1 |    9 |    1 |    9 |    0 |
3| 000000000010000000020000000000 | 00000000000000000001 |    3 |
4|    1 |  122 | -99  -99  -99  -99  -99  -99  -99  -99  -99  -99 |
5|    0 |   93 |    0 |  275 |    0 |    0 |    0 |    0 |    0 |
#
1|    1 |    0 |  376 |SNOW DEPTH ON GROUND ON TILES (M)   |
2|    3 |    0 |    1 |   21 |    5 |   -1 |   -1 |    9 |    1 |    9 |    0 |
3| 000000000000001000000000000000 | 00000000000000000001 |    3 |
4|    1 |  122 | -99  -99  -99  -99  -99  -99  -99  -99  -99  -99 |
5|    0 |    0 |    0 |  129 |    0 |    0 |    0 | 9999 |    0 |
#
1|    1 |    0 |  490 |DECOUPLED SCREEN TEMP ON TILES     K|
2|    3 |    0 |    1 |   21 |    5 |   -1 |   -1 |    9 |    1 |    9 |    0 |
3| 000000000000000000000020000000 | 00000000000000000001 |    3 |
4|    1 |  122 |  -3   -3   -3   -3  -14   21  -99  -99  -99  -99 |
5|    0 | 1137 |    0 |  129 |    0 |    0 |    0 | 9999 |    0 |
#
1|    1 |    0 |  216 |FRACTIONS OF SURFACE TYPES          |
2|    3 |    0 |    1 |   21 |    5 |   -1 |   -1 |    9 |    1 |    7 |    0 |
3| 000000000000000000020000000000 | 00000000000000000001 |    3 |
4|    1 |  122 | -99  -99  -99  -99  -99  -99  -99  -99  -99  -99 |
5|    0 | 1391 |    0 |  129 |    0 |    0 |    0 | 9999 |    0 |
# end of file
