 ylon                          
 dimensions:                     192                     1
  0.000000000000000E+000
   1.87595102722313     
   3.75190205444643     
   5.62785308166959     
   7.50380410889283     
   9.37975513611603     
   11.2557061633392     
   13.1316571905624     
   15.0076082177856     
   16.8835592450089     
   18.7595102722320     
   20.6354612994552     
   22.5114123266785     
   24.3873633539017     
   26.2633143811249     
   28.1392654083481     
   30.0152164355713     
   31.8911674627945     
   33.7671184900177     
   35.6430695172409     
   37.5190205444641     
   39.3949715716873     
   41.2709225989105     
   43.1468736261337     
   45.0228246533569     
   46.8987756805801     
   48.7747267078033     
   50.6506777350265     
   52.5266287622497     
   54.4025797894729     
   56.2785308166961     
   58.1544818439193     
   60.0304328711425     
   61.9063838983657     
   63.7823349255889     
   65.6582859528122     
   67.5342369800354     
   69.4101880072586     
   71.2861390344818     
   73.1620900617050     
   75.0380410889282     
   76.9139921161514     
   78.7899431433746     
   80.6658941705978     
   82.5418451978210     
   84.4177962250442     
   86.2937472522674     
   88.1696982794906     
   90.0456493067138     
   91.9216003339370     
   93.7975513611602     
   95.6735023883834     
   97.5494534156066     
   99.4254044428298     
   101.301355470053     
   103.177306497276     
   105.053257524499     
   106.929208551723     
   108.805159578946     
   110.681110606169     
   112.557061633392     
   114.433012660615     
   116.308963687839     
   118.184914715062     
   120.060865742285     
   121.936816769508     
   123.812767796731     
   125.688718823955     
   127.564669851178     
   129.440620878401     
   131.316571905624     
   133.192522932848     
   135.068473960071     
   136.944424987294     
   138.820376014517     
   140.696327041740     
   142.572278068964     
   144.448229096187     
   146.324180123410     
   148.200131150633     
   150.076082177856     
   151.952033205080     
   153.827984232303     
   155.703935259526     
   157.579886286749     
   159.455837313972     
   161.331788341196     
   163.207739368419     
   165.083690395642     
   166.959641422865     
   168.835592450088     
   170.711543477312     
   172.587494504535     
   174.463445531758     
   176.339396558981     
   178.215347586204     
   180.091298613428     
   178.215347586204     
   176.339396558981     
   174.463445531758     
   172.587494504535     
   170.711543477312     
   168.835592450088     
   166.959641422865     
   165.083690395642     
   163.207739368419     
   161.331788341196     
   159.455837313972     
   157.579886286749     
   155.703935259526     
   153.827984232303     
   151.952033205080     
   150.076082177856     
   148.200131150633     
   146.324180123410     
   144.448229096187     
   142.572278068964     
   140.696327041740     
   138.820376014517     
   136.944424987294     
   135.068473960071     
   133.192522932848     
   131.316571905624     
   129.440620878401     
   127.564669851178     
   125.688718823955     
   123.812767796732     
   121.936816769508     
   120.060865742285     
   118.184914715062     
   116.308963687839     
   114.433012660616     
   112.557061633392     
   110.681110606169     
   108.805159578946     
   106.929208551723     
   105.053257524499     
   103.177306497276     
   101.301355470053     
   99.4254044428298     
   97.5494534156067     
   95.6735023883835     
   93.7975513611603     
   91.9216003339370     
   90.0456493067138     
   88.1696982794907     
   86.2937472522675     
   84.4177962250442     
   82.5418451978210     
   80.6658941705978     
   78.7899431433746     
   76.9139921161514     
   75.0380410889282     
   73.1620900617050     
   71.2861390344818     
   69.4101880072586     
   67.5342369800354     
   65.6582859528122     
   63.7823349255890     
   61.9063838983658     
   60.0304328711426     
   58.1544818439194     
   56.2785308166962     
   54.4025797894729     
   52.5266287622498     
   50.6506777350266     
   48.7747267078034     
   46.8987756805801     
   45.0228246533569     
   43.1468736261338     
   41.2709225989105     
   39.3949715716873     
   37.5190205444641     
   35.6430695172409     
   33.7671184900177     
   31.8911674627945     
   30.0152164355713     
   28.1392654083481     
   26.2633143811249     
   24.3873633539017     
   22.5114123266785     
   20.6354612994553     
   18.7595102722321     
   16.8835592450089     
   15.0076082177857     
   13.1316571905625     
   11.2557061633393     
   9.37975513611603     
   7.50380410889288     
   5.62785308166965     
   3.75190205444643     
   1.87595102722313     
 
 END ylon                          
 
