
MAN,HAY,DAW,CAU,BAT,AUS,AFR,SAM,IND,HYY,AFN,AFS,ALK,RUS,AFR,TUM,THA,BON,DIN,LTW,WLB,EK1,EK2,EK3,LOB,HAR,BOR,VIE,GRL,ANP,
AMP,AUD,BLO,BON,BOR,BRO,BUG,CAB,CAS,DEG,ELS,EL2,ESP,FPK,GDW,HAR,HES,HOW,HLD,HYY,KAA,KRU,LOB,MAJ,MAT,MER,MIT,MOP,PAL,QUE,QU2,ROC,RO2,SOD,SYL,THA,TON,TUM,UNM,VAI,WAL,WIL,
TAP,SAN,PAL,SAK,HOW,VIR,TCH,WLB,HES,HAR,WIL,MOR,VIE,FYO,THA,TUM,LIN,KHE,FPK,ASM,CAB,BON,LET,QIN,BOR,HYY,SOD,SKT,KAA,ATQ,BAR,IVO,MAU,AUD,SRM


N320

lat (row)
236,149,198,357,357,28,28,28,303,406,254,228,397,397,203,146,377,348,303,334,337,294,321,348,380,354,390,375,414,41,
353,325,345,348,390,359,366,380,352,412,346,346,344,370,332,354,371,207,362,406,426,174,380,348,369,362,344,188,235,372,374,354,354,421,364,377,343,146,362,343,141,363,
233,233,235,280,207,188,230,337,371,354,363,346,375,392,377,146,380,367,370,339,380,348,374,341,390,406,421,370,426,428,427,424,188,325,326

lon (col)
534,259,238,640,640,45,241,454,149,41,37,37,402,89,42,264,25,484,201,467,491,37,108,115,11,513,466,12,561,481,
25,445,427,484,466,469,36,10,24,36,640,640,626,454,481,513,14,234,519,41,50,57,11,631,36,507,627,43,204,510,510,23,23,48,482,25,426,264,491,426,259,481,
544,544,204,182,234,262,22,491,14,513,480,487,12,59,25,264,26,194,454,468,10,484,440,181,466,41,48,194,50,361,363,364,43,445,444


N96

lat (row)
71,45,60,108,108,9,9,9,91,122,77,69,120,120,62,44,114,105,92,101,102,89,97,105,115,107,118,113,125,13,
107,98,104,105,118,108,110,115,107,124,104,104,104,112,100,107,112,63,109,122,128,53,115,105,111,109,104,57,71,112,113,107,107,127,110,114,104,44,109,104,43,110,
71,71,71,85,63,57,70,102,112,107,110,104,113,118,114,44,115,111,112,102,115,105,113,103,118,123,127,112,128,129,129,128,57,98,98

lon (col)
161,78,72,193,193,14,73,137,45,14,12,12,121,27,13,80,8,146,61,141,148,12,33,35,5,154,140,4,169,145,
8,134,129,146,140,141,11,5,8,11,192,192,189,137,145,154,5,72,156,14,16,18,5,190,12,153,189,14,62,154,153,8,8,15,145,8,128,80,148,128,78,145,
164,164,62,55,72,79,8,148,5,154,145,147,4,19,8,80,9,59,137,141,5,146,133,55,140,14,15,59,16,109,109,110,14,134,134



 96:  71, 45, 60,108, 91,122, 77, 69, 44,114,105, 92,101,102,115,107,118,113, 9, 9, 9,120,120, 62,125,13, 91, 95, 95,122, 90, 71, 8, 6, 
320: 236,149,198,357,303,406,254,228,146,377,348,303,334,337,380,354,390,375,28,28,28,397,397,203,414,41,301,314,314,404,298,234,24,18, 

 96: 161, 78, 72,193, 45,14,12,12, 80, 8,146, 61,141,148, 5,154,140, 4,14, 73,137,27,121,13,169,145,24,24,26, 60,27, 62,29,23, 
320: 534,259,238,640,149,41,37,37,264,25,484,201,467,491,11,513,466,12,45,241,454,89,402,42,561,481,78,78,84,198,88,204,94,74,
