site          lat        long      height/alt   land  0=masl,1=mag
115
   MAN       -2.06      -60.21        0           1        0  
   HAY      -34.50      144.93        0           1        0
   DAW      -16.26      133.38        0           1        0    
   CAU       43.68       -0.10        0           1        0   
   BAT       43.63       -0.43        0           1        0  
   AUS      -80.00       25.00        0           1        0
   AFR      -80.00      135.00        0           1        0
   SAM      -80.00     -105.00        0           1        0
   IND       23.12       83.20        0           1        0
   HYY       61.84       24.30        0           1        0
   AFN        5.00       20.00        0           1        0
   AFS       -5.00       20.00        0           1        0
   ALK       58.30     -134.42        0           1        0
   RUS       58.59       49.66        0           1        0
   AFR      -14.2        23.28        0           1        0
   TUM      -35.7       148.2         0           1        0
   THA       50.9        13.56        0           1        0 
   BON       40.11      -88.37        0           1        0
   DIN       23.2       112.5         0           1        0
   LTW       34.9       -97.97        0           1        0
   WLB       35.96      -84.28        0           1        0
   EK1       20.0        20.0         0           1        0
   EK2       30.0        60.0         0           1        0
   EK3       40.0        64.0         0           1        0
   LOB       52.17        5.74        0           1        0
   HAR       42.54      -72.17        0           1        0
   BOR       55.88      -98.48        0           1        0
   VIE       50.3         5.99        0           1        0
   GRL       65.0       -45.0         0           1        0
   ANP      -75.0       -90.0         0           1        0
   SD1       22.5        43.1         0           1        0
   SD2       27.5        43.1         0           1        0
   SD3       27.5        46.9         0           1        0
   RU2       61.3       110.6         0           1        0
   SD4       21.3        48.8         0           1        0
   PT1       -2.5       114.4         0           1        0
   PT2      -81.3        52.5         0           1        0
   PT3      -83.8        41.3         0           1        0
   AMP       41.9041     13.6052      0           1        0
   AUD       31.5907   -110.51        0           1        0
   BLO       38.8952   -120.633       0           1        0
   BON       40.0062    -88.2904      0           1        0
   BOR       55.8796    -98.4808      0           1        0
   BRO       44.3453    -96.8362      0           1        0
   BUG       46.6911     19.6013      0           1        0
   CAB       51.971       4.927       0           1        0
   CAS       41.7052     12.3761      0           1        0
   DEG       64.1833     19.55        0           1        0
   ELS       39.2755     -0.31522     0           1        0
   EL2       39.346      -0.31881     0           1        0
   ESP       38.639      -8.6018      0           1        0
   FPK       48.3077   -105.102       0           1        0
   GDW       34.2547    -89.8735      0           1        0
   HAR       42.5378    -72.1715      0           1        0
   HES       48.6742      7.06462     0           1        0
   HOW      -12.4943    131.152       0           1        0
   HLD       45.2041    -68.7402      0           1        0
   HYY       61.8474     24.2948      0           1        0
   KAA       69.1407     27.295       0           1        0
   KRU      -25.0197     31.4969      0           1        0
   LOB       52.1679      5.74396     0           1        0
   MAJ       39.9415     -5.77336     0           1        0
   MAT       47.8469     19.726       0           1        0
   MER       45.4094    -75.5186      0           1        0
   MIT       38.5407     -8.0004      0           1        0
   MOP      -19.9155     23.5605      0           1        0
   PAL      -2.345      114.036       0           1        0
   QUE       49.2671    -74.0365      0           1        0
   QU2       49.6925    -74.3421      0           1        0
   ROC       42.4081     11.93        0           1        0
   RO2       42.3903     11.9209      0           1        0
   SOD       67.3619     26.6378      0           1        0
   SYL       46.242     -89.3477      0           1        0
   THA       50.9636     13.5669      0           1        0
   TON       38.4316   -120.966       0           1        0
   TUM      -35.6557    148.152       0           1        0
   UNM       45.5598    -84.7138      0           1        0
   VAI       38.4133   -120.951       0           1        0
   WAL      -37.429     145.187       0           1        0
   WIL       45.8059    -90.0799      0           1        0
   TAP       -2.9       -55.0         0           1        0
   SAN       -3.0       -55.0         0           1        0
   PAL       -2.4       114.0         0           1        0
   SAK       14.5       101.9         0           1        0
   HOW      -12.5       131.1         0           1        0
   VIR      -19.9       146.6         0           1        0
   TCH       -4.3        11.7         0           1        0
   WLB       36.0       -84.3         0           1        0
   HES       48.7         7.1         0           1        0
   HAR       42.5       -72.2         0           1        0
   WIL       45.8       -90.3         0           1        0
   MOR       39.3       -86.41        0           1        0
   VIE       50.3         6.0         0           1        0
   FYO       56.5        32.9         0           1        0
   THA       51.0        13.6         0           1        0
   TUM      -35.7       148.2         0           1        0
   LIN       52.2        14.1         0           1        0
   KHE       47.2       108.7         0           1        0
   FPK       48.3      -105.1         0           1        0
   ASM       36.6       -97.5         0           1        0
   CAB       52.0         4.9         0           1        0
   BON       40.0       -88.3         0           1        0
   LET       49.7      -112.9         0           1        0
   QIN       37.6       101.3         0           1        0
   BOR       55.9       -98.5         0           1        0
   HYY       61.9        24.3         0           1        0
   SOD       67.4        26.6         0           1        0
   SKT       48.4       108.7         0           1        0
   KAA       69.1        27.3         0           1        0
   ATQ       70.5      -157.4         0           1        0
   BAR       71.3      -156.6         0           1        0
   IVO       68.5      -155.8         0           1        0
   MAU      -19.9        23.6         0           1        0
   AUD       31.6      -110.5         0           1        0
   SRM       31.8      -110.9         0           1        0
