site          lat        long      height/alt   land  0=masl,1=mag
28
   MAN       -2.06      -60.21        0           1        0  
   HAY      -34.50      144.93        0           1        0
   DAW      -16.26      133.38        0           1        0    
   CAU       43.68       -0.10        0           1        0   
   BAT       43.63       -0.43        0           1        0  
   AUS      -80.00       25.00        0           1        0
   AFR      -80.00      135.00        0           1        0
   SAM      -80.00     -105.00        0           1        0
   IND       23.12       83.20        0           1        0
   HYY       61.84       24.30        0           1        0
   AFN        5.00       20.00        0           1        0
   AFS       -5.00       20.00        0           1        0
   ALK       58.30     -134.42        0           1        0
   RUS       58.59       49.66        0           1        0
   AFR      -14.2        23.28        0           1        0
   TUM      -35.7       148.2         0           1        0
   THA       50.9        13.56        0           1        0 
   BON       40.11      -88.37        0           1        0
   DIN       23.2       112.5         0           1        0
   LTW       34.9       -97.97        0           1        0
   WLB       35.96      -84.28        0           1        0
   EK1       20.0        20.0         0           1        0
   EK2       30.0        60.0         0           1        0
   EK3       40.0        64.0         0           1        0
   LOB       52.17        5.74        0           1        0
   HAR       42.54      -72.17        0           1        0
   BOR       55.88      -98.48        0           1        0
   VIE       50.3         5.99        0           1        0

