         161          71 MAN          1.000000               1   300.0000    
          78          45 HAY          1.000000               1   144.3750    
          72          60 DAW          1.000000               1   133.1250    
         192         108 CAU         0.3191112               1   358.1250    
         192         108 BAT         0.3191112               1   358.1250    
          14           9 AUS          1.000000               1   24.37500    
          73           9 AFR          1.000000               1   135.0000    
         137           9 SAM          1.000000               1   255.0000    
          45          91 IND          1.000000               1   82.50000    
          14         122 HYY          1.000000               1   24.37500    
          12          77 AFN          1.000000               1   20.62500    
          12          69 AFS          1.000000               1   20.62500    
         121         120 ALK          1.000000               1   225.0000    
          27         120 RUS          1.000000               1   48.75000    
          13          62 AFR          1.000000               1   22.50000    
          80          44 TUM          1.000000               1   148.1250    
           8         114 THA          1.000000               1   13.12500    
         146         105 BON          1.000000               1   271.8750    
          61          92 DIN          1.000000               1   112.5000    
         141         101 LTW          1.000000               1   262.5000    
         148         102 WLB          1.000000               1   275.6250    
          12          89 EK1          1.000000               1   20.62500    
          33          97 EK2          1.000000               1   60.00000    
          35         105 EK3          1.000000               1   63.75000    
           4         115 LOB         0.4933474               1   5.625000    
         155         107 HAR         0.6333333               1   288.7500    
         140         118 BOR          1.000000               1   260.6250    
           4         113 VIE          1.000000               1   5.625000    
         169         125 GRL          1.000000               1   315.0000    
         145          13 ANP          1.000000               1   270.0000    
