  0.000000000000000E+000   2.87500000000000        5.75000000000000     
   8.62500000000000        11.5000000000000        14.3750000000000     
   17.2500000000000        20.1250000000000        23.0000000000000     
   25.8750000000000        28.7500000000000        31.6250000000000     
   34.5000000000000        37.3750000000000        40.2500000000000     
   43.1250000000000        46.0000000000000        48.8750000000000     
   51.7500000000000        54.6250000000000        57.5000000000000     
   60.3750000000000        63.2500000000000        66.1250000000000     
   69.0000000000000        71.8750000000000        74.7500000000000     
   77.6250000000000        80.5000000000000        83.3750000000000     
   86.2500000000000        89.1250000000000        92.0000000000000     
   94.8750000000000        97.7500000000000        100.625000000000     
   103.500000000000        106.375000000000        109.250000000000     
   112.125000000000        115.000000000000        117.875000000000     
   120.750000000000        123.625000000000        126.500000000000     
   129.375000000000        132.250000000000        135.125000000000     
   138.000000000000        140.875000000000        143.750000000000     
   146.625000000000        149.500000000000        152.375000000000     
   155.250000000000        158.125000000000        161.000000000000     
   163.875000000000        166.750000000000        169.625000000000     
   172.500000000000        175.375000000000        178.250000000000     
   181.125000000000        184.000000000000        186.875000000000     
   189.750000000000        192.625000000000        195.500000000000     
   198.375000000000        201.250000000000        204.125000000000     
   207.000000000000        209.875000000000        212.750000000000     
   215.625000000000        218.500000000000        221.375000000000     
   224.250000000000        227.125000000000        230.000000000000     
   232.875000000000        235.750000000000        238.625000000000     
   241.500000000000        244.375000000000        247.250000000000     
   250.125000000000        253.000000000000        255.875000000000     
   258.750000000000        261.625000000000        264.500000000000     
   267.375000000000        270.250000000000        273.125000000000     
   276.000000000000        278.875000000000        281.750000000000     
   284.625000000000        287.500000000000        290.375000000000     
   293.250000000000        296.125000000000        299.000000000000     
   301.875000000000        304.750000000000        307.625000000000     
   310.500000000000        313.375000000000        316.250000000000     
   319.125000000000        322.000000000000        324.875000000000     
   327.750000000000        330.625000000000        333.500000000000     
   336.375000000000        339.250000000000        342.125000000000     
   345.000000000000        347.875000000000        350.750000000000     
   353.625000000000        356.500000000000        359.375000000000     
   362.250000000000        365.125000000000        368.000000000000     
   370.875000000000        373.750000000000        376.625000000000     
   379.500000000000        382.375000000000        385.250000000000     
   388.125000000000        391.000000000000        393.875000000000     
   396.750000000000        399.625000000000        402.500000000000     
   405.375000000000        408.250000000000        411.125000000000     
   414.000000000000        416.875000000000        419.750000000000     
   422.625000000000        425.500000000000        428.375000000000     
   431.250000000000        434.125000000000        437.000000000000     
   439.875000000000        442.750000000000        445.625000000000     
   448.500000000000        451.375000000000        454.250000000000     
   457.125000000000        460.000000000000        462.875000000000     
   465.750000000000        468.625000000000        471.500000000000     
   474.375000000000        477.250000000000        480.125000000000     
   483.000000000000        485.875000000000        488.750000000000     
   491.625000000000        494.500000000000        497.375000000000     
   500.250000000000        503.125000000000        506.000000000000     
   508.875000000000        511.750000000000        514.625000000000     
   517.500000000000        520.375000000000        523.250000000000     
   526.125000000000        529.000000000000        531.875000000000     
   534.750000000000        537.625000000000        540.500000000000     
   543.375000000000        546.250000000000        549.125000000000     
