 &VERTLEVS
  z_top_of_model= 62918.64699999984,
  first_constant_r_rho_level=30,
  eta_theta= 0.0,
  .0003179,  .0012715,  .0028608,  .0050859,  .0079468, 
  .0114433,  .0155757,  .0203437,  .0257475,  .0317871, 
  .0384624,  .0457734,  .0537202,  .0623027,  .0715209, 
  .0813749,  .0918647,  .1029901,  .1147514,  .1271483, 
  .1401810,  .1538495,  .1681536,  .1830936,  .1986692, 
  .2148807,  .2317278,  .2492107,  .2673293,  .2860837, 
  .3048386,  .3236004,  .3423928,  .3612672,  .3803146, 
  .3996766,  .4195567,  .4402316,  .4620621,  .4855051, 
  .5111240,  .5396007,  .5717462,  .6085122,  .6510026, 
  .7004842,  .7583982,  .8263715,  .9062281, 1.0000000, 
  eta_rho=  
  .0001589,  .0007947,  .0020662,  .0039734,  .0065164, 
  .0096951,  .0135095,  .0179597,  .0230456,  .0287673, 
  .0351247,  .0421179,  .0497468,  .0580114,  .0669118, 
  .0764479,  .0866198,  .0974274,  .1088707,  .1209498, 
  .1336647,  .1470152,  .1610016,  .1756236,  .1908814, 
  .2067749,  .2233042,  .2404693,  .2582700,  .2767065, 
  .2954611,  .3142195,  .3329966,  .3518300,  .3707909, 
  .3899956,  .4096167,  .4298941,  .4511468,  .4737836, 
  .4983146,  .5253624,  .5556734,  .5901292,  .6297574, 
  .6757434,  .7294412,  .7923848,  .8662998,  .9531141,
 /
