 &NLSTCGEN
 STEPS_PER_PERIODim=72,0,0,0,
 SECS_PER_PERIODim=86400,0,0,0,
 EXITFREQim=72,0,0,0,
 DUMPFREQim=72,0,0,0,
 ARCHDUMP_OFFSETim=0,0,0,0,
 ARCHDUMP_FREQim=0,0,0,0,
 DUMPTIMESim=0,0,0,0,0,0,0,0,0,0,0,0,0,0,0,0,0,0,0,0,0,0,0,0,
 0,0,0,0,0,0,0,0,0,0,0,0,0,0,0,0,0,0,0,0,0,0,0,0,0,0,0,0,0,0,0,0,0,0,0,0,0,0,0,
 0,0,0,0,0,0,0,0,0,0,0,0,0,0,0,0,0,0,0,0,0,0,0,0,0,0,0,0,0,0,0,0,0,0,0,0,0,0,0,
 0,0,0,0,0,0,0,0,0,0,0,0,0,0,0,0,0,0,0,0,0,0,0,0,0,0,0,0,0,0,0,0,0,0,0,0,0,0,0,
 0,0,0,0,0,0,0,0,0,0,0,0,0,0,0,0,0,0,0,
 PPSELECTim=1,1,1,1,0,0,0,0,0,0,0,0,0,0,0,0,
 PLOTSELim=0,0,0,0,0,0,0,0,0,0,0,0,0,0,0,0,
 MEANWSim='N','N','N','N','N','N','N','N','N','N','N','N',
 'N','N','N','N',
 ARCHPPSELim=0,0,0,0,0,0,0,0,0,0,0,0,0,0,0,0,
 MEANARCHim=0,0,0,0,0,0,0,0,0,0,0,0,0,0,0,0,
 MEANFREQim=3,3,4,10,0,0,0,0,0,0,0,0,0,0,0,0,
 PRINTFREQim=0,0,0,0,0,0,0,0,0,0,0,0,0,0,0,
 MEAN_REFTIMEim=1981,12,1,0,0,0,0,0,0,0,0,0,0,0,0,0,0,0,0,0,0,0,
 0,0,
 JOBREL_STEPim=0,0,0,0,0,0,0,0,0,0,0,0,0,0,0,0,0,0,0,0,0,0,0,0,
 0,0,0,0,0,0,0,0,0,0,0,0,0,0,0,0,
 DUMP_PACKim=3,0,0,0,
 PP_LEN2_MEANim=14000,14000,14000,14000,14000,14000,14000,14000,14000,14000,14000,14000,
 14000,14000,14000,14000,
 FT_MEANim=27,27,27,27,
 LLBOUTim=.FALSE.,
 /
 &NLST_MPP
 extended_halo_size_EW=4,
 extended_halo_size_NS=5,
 gcom_coll_limit=64,
 global_sum_method=2,
 /

 &BOUNCNST
 BOUND_FIELDCODE=0,0,0,0,
 /


 !!! END OF FILE !!!
